                            2.5 %    97.5 %
(Intercept) 0.05646523 0.04212645 0.0754416
DDA1        0.18359526 0.14535039 0.2314689
DIRDEP1     0.79954874 0.69693144 0.9166723
NSF1        1.41390628 1.13014711 1.7617594
SAV1        0.31355789 0.24506840 0.3995236
ATM1        0.62926865 0.49965915 0.7916988
IRA1        1.63686841 1.29662355 2.0701053
INV1        1.80543304 1.33132827 2.4598468
ILS1        0.66241736 0.50530986 0.8641698
MM1         2.19403167 1.85671511 2.5941368
MTG1        0.65255058 0.49748734 0.8528835
CC1         1.32192851 1.17477026 1.4874099
DDABAL_Bin  1.38112327 1.33037994 1.4343061
CHECKS_Bin  0.82692198 0.77569764 0.8813450
TELLER_Bin  1.31315150 1.19938148 1.4378335
SAVBAL_Bin  1.63127832 1.54581697 1.7231806
ATMAMT_Bin  1.52532400 1.27747049 1.8238481
CDBAL_Bin   2.00960999 1.79552124 2.2537219
